IP: 40.78.27.43 TIME: 2016-02-14 03:47:15 User:  USERAGENT: Mozilla/4.0 (compatible; MSIE 6.0; Windows NT 5.1; .NET CLR 1.1.4322; .NET CLR 2.0.50727)Action : Purchase order_1075 has been downloaded as pdf
IP: 64.124.203.75 TIME: 2016-02-14 03:48:27 User:  USERAGENT: Mozilla/4.0 (compatible; MSIE 7.0; Windows NT 5.1; Trident/4.0; GTB6.6; .NET CLR 1.1.4322; .NET CLR 2.0.50727; .NET CLR 3.0.4506.2152; .NET CLR 3.5.30729; ShopperReports 3.1.22.0; SRS_IT_E879047EB1765A5133AB95; Windows Live Messenger 14.0.8117.0416)Action : Purchase order_1075 has been downloaded as pdf
IP: 208.50.101.153 TIME: 2016-02-14 03:52:11 User:  USERAGENT: Mozilla/4.0 (compatible; MSIE 7.0; Windows NT 6.1; Trident/5.0; SLCC2; .NET CLR 2.0.50727; .NET CLR 3.5.30729; .NET CLR 3.0.30729; Media Center PC 6.0; Tablet PC 2.0; BRI/1; MAAR; .NET4.0C)Action : Purchase order_1075 has been downloaded as pdf
